stops:	12																											   
{1	A	12		1	18	0	0	5.0		3	0	0}
{2	B	34		1	18	0	0	5.0		3	1	0}
{3	C	56		1	18	0	0	5.0		3	1	0}
{4	D	78		1	18	0	0	5.0		3	1	0}
{5	E	910		1	18	0	0	5.0		3	1	0}
{6	F	1112	1	18	0	0	5.0		3	1	0}
{7	G	1314	1	18	0	0	5.0		3	1	0}
{8	H	1516	1	18	0	0	5.0		3	1	0}
{9	I	1718	1	18	0	0	5.0		3	1	0}
{10	J	1920	1	18	0	0	5.0		3	1	0}
{11	K	2122	1	18	0	0	5.0		3	1	0}
{12	L	2324	1	18	0	0	5.0		3	0	0}
																																							   
stops_distances:	0
format: 1

stops_walking_times:	0
																																						   
lines:	2
{1	999	Line_1	1	24	1	1	0	0	0	0	
	12	{1	2	3	4	5	6	7	8	9	10	11	12}	
	12	{1	2	3	4	5	6	7	8	9	10	11	12}
}

{2	998	Line_2	1	24	1	1	0	0	0	0
	12	{1	2	3	4	5	6	7	8	9	10	11	12}	
	12	{1	2	3	4	5	6	7	8	9	10	11	12}
}

																																					   																																									   
trips:	2																																								   
format:	3																																								   
{	1	12	{0	300	300	300	300	300	300 300 300 300 300 300}	30	600	12	}
{	2	12	{0	300	300	300	300	300	300 300 300 300 300 300}	300	600	12	}
						
travel_time_disruptions: 0


																																 